          frames      enc    crc    crc    too    too    bad    enc   disc   link   loss   loss   frjt   fbsy  c3timeout    pcs    uncor
       tx     rx      in    err    g_eof  shrt   long   eof     out   c3    fail    sync   sig                  tx    rx     err    err
  0:    3.1g   1.8g   0      0      0      0      0      0      0      0      0      0      1      0      0      0      0      0      0
  1:  157.7m   2.6g   0      0      0      0      0      0      0      0      0      0      1      0      0      0      0      0      0
  2:  466.3m   1.1g   0      0      0      0      0      0      0      0      1      0      1      0      0      0      0      0      0
  3:    3.6g   2.4g   0      0      0      0      0      0      0      0      0      0      1      0      0      0      0      0      0
  4:    2.0g   3.4g   0      0      0      0      0      0      0      0      0      0      0      0      0      0      0      0      0
  5:    1.9g   3.3g   0      0      0      0      0      0      0      0      0      0      0      0      0      0      0      0      0
  6:    4.0g   1.1g   0      0      0      0      0      0      0      0      0      0      0      0      0      0      0      0      0
  7:    1.2g   4.0g   0      0      0      0      0      0      0      0      0      0      0      0      0      0      0      0      0
  8:  859.4m   3.3g   0      0      0      0      0      0      0      0      0      0      0      0      0      0      0      0      0
  9:  348.4m   1.8g   0      0      0      0      0      0      0      0      0      0      1      0      0      0      0      0      0
 10:  349.2m 827.3m   0      0      0      0      0      0      2      0      0      0      0      0      0      0      0      0      0
 11:  199.1m 622.3m   0      0      0      0      0      0      0      0      0      0      0      0      0      0      0      0      0
 12:    1.7g   1.5g   0      0      0      0      0      0      0      0      0      0      0      0      0      0      0      0      0
 13:    3.4g 443.7m   0      0      0      0      0      0      0      0      0      0      0      0      0      0      0      0      0
 14:    3.0g   2.0g   0      0      0      0      0      0      0      0      0      0      0      0      0      0      0      0      0
 15:  703.6m   1.9g   0      0      0      0      0      0      0      0      0      0      0      0      0      0      0      0      0
 16:    0      0      0      0      0      0      0      0      0      0      0      0      0      0      0      0      0      0      0
 17:  395.1m 712.5m   0      0      0      0      0      0      0      0      2      0      2      0      0      0      0      0      0
 18:   97.4m  56.1m   0      0      0      0      0      0      0      0      1      0      1      0      0      0      0      0      0
 19:   86.7m  58.3m   0      0      0      0      0      0      0      0      1      0      1      0      0      0      0      0      0
 20:   71.5m  57.9m   0      0      0      0      0      0      0      0      1      0      1      0      0      0      0      0      0
 21:   70.5m  57.6m   0      0      0      0      0      0      0      0      1      0      1      0      0      0      0      0      0
 22:   68.3m  55.8m   0      0      0      0      0      0      0      0      1      0      1      0      0      0      0      0      0
 23:   67.7m  56.0m   0      0      0      0      0      0      0      0      1      0      1      0      0      0      0      0      0
 24:  146.3m  58.4m   0      0      0      0      0      0      0      0      1      0      1      0      0      0      0      0      0
 25:    0      0      0      0      0      0      0      0      0      0      0      0      0      0      0      0      0      0      0
 26:    0      0      0      0      0      0      0      0      0      0      0      0      0      0      0      0      0      0      0
 27:    0      0      0      0      0      0      0      0      0      0      0      0      0      0      0      0      0      0      0
 28:    0      0      0      0      0      0      0      0      0      0      0      0      0      0      0      0      0      0      0
 29:    0      0      0      0      0      0      0      0      0      0      0      0      0      0      0      0      0      0      0
 30:    0      0      0      0      0      0      0      0      0      0      0      0      0      0      0      0      0      0      0
 31:    0      0      0      0      0      0      0      0      0      0      0      0      0      0      0      0      0      0      0
 32:    4.2g   4.1g   0      0      0      0      0      0      0      0      0      0      1      0      0      0      0      0      0
 33:    1.6g   3.2g   0      0      0      0      0      0      0      0      0      0      1      0      0      0      0      0      0
 34:  888.0m   3.1g   0      0      0      0      0      0      0      0      2      0      2      0      0      0      0      0      0
 35:    3.1g   4.0g   0      0      0      0      0      0      0      0      0      0      1      0      0      0      0      0      0
 36:    3.2g   3.5g   0      0      0      0      0      0      0      0      1      0      1      0      0      0      0      0      0
 37:    2.6g   3.3g   0      0      0      0      0      0      0      0      1      0      1      0      0      0      0      0      0
 38:    3.5g   2.5g   0      0      0      0      0      0      0      0      0      0      0      0      0      0      0      0      0
 39:  963.3m   4.0g   0      0      0      0      0      0      0      0      1      0      1      0      0      0      0      0      0
 40:    1.5g   3.4g   0      0      0      0      0      0      0      0      1      0      1      0      0      0      0      0      0
 41:    2.2g   3.5g   0      0      0      0      0      0      0      0      1      0      1      0      0      0      0    968      2.7k
 42:  449.7m   1.1g   0      0      0      0      0      0      3      0      0      0      0      0      0      0      0      0      0
 43:  178.3m 602.0m   0      0      0      0      0      0      0      0      0      0      0      0      0      0      0      0      0
 44:    1.8g   1.9g   0      0      0      0      0      0      2      0      0      0      0      0      0      0      0      0      0
 45:    3.2g   1.8g   0      0      0      0      0      0      0    118      0      0      0      0      0      0    118      0      0
 46:   33.4m  32.9m   0      0      0      0      0      0      0      0      0      0      0      0      0      0      0      0      0
 47:  310.9m   1.1g   0      0      0      0      0      0      0      0      0      0      0      0      0      0      0      0      0
 80:    4.2g  23.2m   0      0      0      0      0      0      0      0      0      0      1      0      0      0      0      0      0
 81:  164.3m   2.6g   0      0      0      0      0      0      0      0      0      0      1      0      0      0      0      0      0
 82:    1.2g   4.1g   0      0      0      0      0      0      0      0      0      0      0      0      0      0      0      0      0
 83:    1.4g   3.3g   0      0      0      0      0      0      0      0      0      0      0      0      0      0      0      0      0
 84:  296.4m 555.8m   0      0      0      0      0      0      0      0      0      0      0      0      0      0      0      0      0
 85:    2.8g   2.3g   0      0      0      0      0      0      0      0      0      0      0      0      0      0      0      0      0
 86:    1.9g   2.5g   0      0      0      0      0      0      0      0      0      0      0      0      0      0      0      0      0
 87:  208.0m   3.7g   0      0      0      0      0      0      0      0      0      0      0      0      0      0      0      0      0
 88:    1.2g   3.3g   0      0      0      0      0      0      0      0      0      0      0      0      0      0      0      0      0
 89:    2.4g   4.2g   0      0      0      0      0      0      0      0      0      0      1      0      0      0      0      0      0
 90:  250.2m   1.4g   0      0      0      0      0      0      0      0      0      0      0      0      0      0      0      0      0
 91:    3.5g   2.2g   0      0      0      0      0      0      0      0      0      0      0      0      0      0      0      0      0
 92:    1.0g   2.5g   0      0      0      0      0      0      0      0      0      0      0      0      0      0      0      0      0
 93:    4.2g 136.9m   0      0      0      0      0      0      0      0      0      0      0      0      0      0      0      0      0
 94:    1.5g   1.0g   0      0      0      0      0      0      0     17      0      0      0      0      0      0      0      0      0
 95:  164.7m 639.1m   0      0      0      0      0      0      0     17      0      0      0      0      0      0      0      0      0
112:    3.1g   2.0g   0      0      0      0      0      0      0      0      0      0      1      0      0      0      0      0      0
113:    1.4g   3.1g   0      0      0      0      0      0      0      0      0      0      1      0      0      0      0      0      0
114:  679.6m   4.0g   0      0      0      0      0      0      0      0      9      0    110      0      0      0      0      0      0
115:    1.7g   3.4g   0      0      0      0      0      0      0      0      1      0      1      0      0      0      0      0      0
116:    1.0g 280.7m   0      0      0      0      0      0      0      0      1      0      1      0      0      0      0      0      0
117:  766.0m   3.9g   0      0      0      0      0      0      0      0      1      0      1      0      0      0      0      0      0
118:  223.7m   3.8g   0      0      0      0      0      0      0      0      1      0      1      0      0      0      0      0      0
119:    2.5g   1.4g   0      0      0      0      0      0      0      0      1      0      1      0      0      0      0      0      0
120:    1.0g   3.0g   0      0      0      0      0      0      0      0      1      0      1      0      0      0      0      0      0
121:    4.0g   3.6g   0      0      0      0      0      0      0      0      0      0      1      0      0      0      0      0      0
122:  689.0m   3.7g   0      0      0      0      0      0      0      0      0      0      0      0      0      0      0      0      0
123:    1.8g   2.0g   0      0      0      0      0      0      0      0      0      0      0      0      0      0      0      0      0
124:    2.0g 111.7m   0      0      0      0      0      0      0      0      0      0      0      0      0      0      0      0      0
125:    2.5g   3.8g   0      0      0      0      0      0      0      0      0      0      0      0      0      0      0      0      0
126:   12.6m  11.4m   0      0      0      0      0      0      0     17      0      0      0      0      0      0      0      0      0
127:  191.0m 683.5m   0      0      0      0      0      0      0     32      0      0      0      0      0      0      0      0      0
128:  163.0m 209.1m   0      0      0      0      0      0      0      0      4      0      2      0      0      0      0      0      0
129:  172.7m 565.3m   0      0      0      0      0      0      0      0      0      0      0      0      0      0      0      0      0
130:    3.4g 737.6m   0      0      0      0      0      0      0      0      0      0      0      0      0      0      0      0      0
131:    2.7g   2.5g   0      0      0      0      0      0      0      0      2      0      2      0      0      0      0      0      0
132:  241.0m 276.6m   0      0      0      0      0      0      0      0      2      0      2      0      0      0      0      0      0
133:  251.1m   1.8g   0      0      0      0      0      0      0      0      0      0      0      0      0      0      0      0      0
134:    4.0g   1.9g   0      0      0      0      0      0      0      0      2      0      2      0      0      0      0      0      0
135:    4.0g   1.8g   0      0      0      0      0      0      0      0      2      0      2      0      0      0      0      0      0
136:    3.9g   1.9g   0      0      0      0      0      0      0      0      2      0      2      0      0      0      0      0      0
137:    0      0      0      0      0      0      0      0      0      0      0      0      0      0      0      0      0      0      0
138:    2.0g   1.9g   0      0      0      0      0      0      0      0     16      0     17      0      0      0      0      0      0
139:    2.0g   1.9g   0      0      0      0      0      0      0      0     15      0     15      0      0      0      0      0      0
140:    1.1k   1.9k   0      0      0      0      0      0      0      0     16      0     16      0      0      0      0      0      0
141:   32.4m  24.6m   0      0      0      0      0      0      0      0     16      0     16      0      0      0      0    255      0
142:   61.4m   3.8g   0      0      0      0      0      0      0      0      0      0      0      0      0      0      0      0      0
143:  274.4m   1.2g   0      0      0      0      0      0      0      0      0      0      0      0      0      0      0      0      0
144:    0      0      0      0      0      0      0      0      0      0      0      0      0      0      0      0      0      0      0
145:    0      0      0      0      0      0      0      0      0      0      0      0      0      0      0      0      0      0      0
146:    0      0      0      0      0      0      0      0      0      0      0      0      0      0      0      0      0      0      0
147:    0      0      0      0      0      0      0      0      0      0      0      0      0      0      0      0      0      0      0
148:    0      0      0      0      0      0      0      0      0      0      0      0      0      0      0      0      0      0      0
149:    0      0      0      0      0      0      0      0      0      0      0      0      0      0      0      0      0      0      0
150:    1.0g   1.0g   0      0      0      0      0      0      0      0     11      0     11      0      0      0      0      0      0
151:    1.0g   1.0g   0      0      0      0      0      0      0      0     12      0     12      0      0      0      0      0      0
152:    1.0g   1.0g   0      0      0      0      0      0      0      0     12      0     12      0      0      0      0      0      0
153:   28.6m  23.5m   0      0      0      0      0      0      0      0     13      0     13      0      0      0      0      0      0
154:    1.9g   2.1g   0      0      0      0      0      0      0      0     13      0     13      0      0      0      0      0      0
155:    1.9g   2.1g  26     26     25      0      0      1     16.3m 304     14      0     26      0      0    304      0      0      0
156:    1.9g   2.1g   0      0      0      0      0      0      0      0     13      0     13      0      0      0      0      0      0
157:   30.1m  25.1m   0      0      0      0      0      0      0      0     13      0     13      0      0      0      0      0      0
158:  775.0m 522.6m   0      0      0      0      0      0      0      0      0      0      1      0      0      0      0      0      0
159:  118.4m 225.7m   0      0      0      0      0      0      0      0      0      0      0      0      0      0      0      0      0
160:    2.2m   6.2m   0      0      0      0      0      0      0      0      4      0      2      0      0      0      0      0      0
161:  148.9m 560.5m   0      0      0      0      0      0      0      0      0      0      0      0      0      0      0      0      0
162:    2.4g 153.6m   0      0      0      0      0      0      0      0      1      0      1      0      0      0      0      0      0
163:    3.1g   2.8g   0      0      0      0      0      0      0      0      2      0      2      0      0      0      0      0      0
164:  198.4m 255.5m   0      0      0      0      0      0      0      0      2      0      2      0      0      0      0      0      0
165:  251.3m   1.8g   0      0      0      0      0      0      0      0      0      0      0      0      0      0      0      0      0
166:    1.9g   1.8g   0      0      0      0      0      0      0      0      2      0      2      0      0      0      0      0      0
167:    2.0g   1.7g   0      0      0      0      0      0      0      0      2      0      2      0      0      0      0      0      0
168:    2.0g   1.7g   0      0      0      0      0      0      0      0      2      0      2      0      0      0      0      0      0
169:    0      0      0      0      0      0      0      0      0      0      0      0      0      0      0      0      0      0      0
170:    3.1g   3.1g   0      0      0      0      0      0      0      0      3      0      3      0      0      0      0      0      0
171:    3.1g   3.1g   0      0      0      0      0      0      0      0      3      0      3      0      0      0      0      0      0
172:    3.1g   3.1g   0      0      0      0      0      0      0      0      3      0      3      0      0      0      0      0      0
173:    3.1g   3.1g   0      0      0      0      0      0      0      0      3      0      3      0      0      0      0      0      0
174:    2.5g   2.8g   0      0      0      0      0      0      0      0      0      0      0      0      0      0      0      0      0
175:    4.0g 106.4m   0      0      0      0      0      0      0      0      0      0      0      0      0      0      0      0      0
208:    3.4g  10.9m   0      0      0      0      0      0      0      1.6k   0      0      0      0      0      1.6k   0      0      0
209:  188.3m 654.8m   0      0      0      0      0      0      0     17      0      0      0      0      0      0      0      0      0
210:    3.8g   3.0g   0      0      0      0      0      0      0     17      0      0      0      0      0      0      0      0      0
211:    1.1g   3.7g   0      0      0      0      0      0      0      0      0      0      0      0      0      0      0      0      0
212:    1.8g   1.0g   0      0      0      0      0      0      3      4      0      0      0      0      0      0      0      0      0
213:   88.1m 501.1m   0      0      0      0      0      0      0      0      0      0      0      0      0      0      0      0      0
214:  588      1.1k   0      0      0      0      0      0      0      0      4      0      4      0      0      0      0      0      0
215:  588      1.1k   0      0      0      0      0      0      0      0      4      0      4      0      0      0      0      0      0
216:  589      1.1k   0      0      0      0      0      0      0      0      4      0      4      0      0      0      0      0      0
217:    0      0      0      0      0      0      0      0      0      0      0      0      0      0      0      0      0      0      0
218:    2.8g   1.4g   0      0      0      0      0      0      0      0      7      0      7      0      0      0      0      0      0
219:    2.8g   1.4g   0      0      0      0      0      0      0      0      7      0      7      0      0      0      0      0      0
220:    2.8g   1.4g   0      0      0      0      0      0      0      0      7      0      7      0      0      0      0      0      0
221:    2.8g   1.4g   0      0      0      0      0      0      0      0      7      0      7      0      0      0      0      0      0
222:  228.0m   3.9g   0      0      0      0      0      0      0      0      0      0      0      0      0      0      0      0      0
223:  380.6m   1.2g   0      0      0      0      0      0      0      0      0      0      0      0      0      0      0      0      0
240:  157.2m 572.9m   0      0      0      0      0      0      0     17      0      0      0      0      0      0      0      0      0
241:  278.1m   1.2g   0      0      0      0      0      0      0     17      0      0      0      0      0      0      0      0      0
242:  144.4m 561.6m   0      0      0      0      0      0      0     17      1      0      1      0      0      0      0      0      0
243:  203.0m 694.1m   0      0      0      0      0      0      0      0      0      0      0      0      0      0      0      0      0
244:   30.5m   8.2m   0      0      0      0      0      0      0      0      0      0      0      0      0      0      0      0      0
245:   88.1m 500.9m   0      0      0      0      0      0      0      0      0      0      0      0      0      0      0      0      0
246:  588      1.1k   0      0      0      0      0      0      0      0      4      0      4      0      0      0      0      0      0
247:  588      1.1k   0      0      0      0      0      0      0      0      4      0      4      0      0      0      0      0      0
248:  588      1.1k   0      0      0      0      0      0      0      0      4      0      4      0      0      0      0      0      0
249:    0      0      0      0      0      0      0      0      0      0      0      0      0      0      0      0      0      0      0
250:  582.4m 391.8m   0      0      0      0      0      0      0      0      8      0      8      0      0      0      0      0      0
251:  582.4m 391.6m   0      0      0      0      0      0      0      0      8      0      8      0      0      0      0      0      0
252:  582.8m 391.7m   0      0      0      0      0      0      0      0      8      0      8      0      0      0      0      0      0
253:  582.4m 391.8m   0      0      0      0      0      0      0      0      9      0      9      0      0      0      0      0      0
254:  352.0m 672.2m   0      0      0      0      0      0      0      0      0      0      0      0      0      0      0      0      0
255:    3.9g 184.2m   0      0      0      0      0      0      0      0      0      0      0      0      0      0      0      0      0
256:  310.8m 968.0m   0      0      0      0      0      0      0      0      0      0      0      0      0      0      0      0      0
257:    3.9g   2.5g   0      0      0      0      0      0      0      0      0      0      0      0      0      0      0      0      0
258:  301.6m   1.2g   0      0      0      0      0      0      0      0      0      0      0      0      0      0      0      0      0
259:    3.0g   3.2g   0      0      0      0      0      0      0      0      0      0      0      0      0      0      0      0      0
260:    1.8g   1.1g   0      0      0      0      0      0      0      5      0      0      0      0      0      0      0      0      0
261:    1.8g 251.1m   0      0      0      0      0      0      0      0      0      0      0      0      0      0      0      0      0
262:    2.9g   1.5g   0      0      0      0      0      0      0     11      0      0      0      0      0      0      0      0      0
263:    2.7g 967.2m   0      0      0      0      0      0      0      0      0      0      0      0      0      0      0      0      0
264:    1.5g   3.3g   0      0      0      0      0      0      0      0      0      0      0      0      0      0      0      0      0
265:    2.3g   1.7g   0      0      0      0      0      0      0      5      0      0      0      0      0      0      0      0      0
266:    1.9g   2.7g   0      0      0      0      0      0      0      0      0      0      0      0      0      0      0      0      0
267:    4.1g   3.8g   0      0      0      0      0      0      0      0      0      0      0      0      0      0      0      0      0
268:  152.6m 772.4m   0      0      0      0      0      0      0      0      0      0      0      0      0      0      0      0      0
269:    0      0      0      0      0      0      0      0      0      0      0      0      0      0      0      0      0      0      0
270:    0      0      0      0      0      0      0      0      0      0      0      0      0      0      0      0      0      0      0
271:    0      0      0      0      0      0      0      0      0      0      0      0      0      0      0      0      0      0      0
272:  121.3m 230.4m   0      0      0      0      0      0      0      0      0      0      1      0      0      0      0      0      0
273:  121.5m 230.4m   0      0      0      0      0      0      0      0      0      0      1      0      0      0      0      0      0
274:   77.2m 135.8m   0      0      0      0      0      0      0      0      0      0      0      0      0      0      0      0      0
275:   75.4m 133.5m   0      0      0      0      0      0      0      0      0      0      2      0      0      0      0      0      0
276:   75.7m 133.4m   0      0      0      0      0      0      0      0      0      0      0      0      0      0      0      0      0
277:   78.0m 211.6m   0      0      0      0      0      0      0      0      0      0      0      0      0      0      0      0      0
278:  864    873      0      0      0      0      0      0      0      0      0      0      1      0      0      0      0      0      0
279:  844    844      0      0      0      0      0      0      0      0      0      0      1      0      0      0      0      0      0
280:  844    844      0      0      0      0      0      0      0      0      0      0      1      0      0      0      0      0      0
281:  844    844      0      0      0      0      0      0      0      0      0      0      3      0      0      0      0      0      0
282:  844    844      0      0      0      0      0      0      0      0      0      0      0      0      0      0      0      0      0
283:  844    844      0      0      0      0      0      0      0      0      0      0      6      0      0      0      0      0      0
284:  844    844      0      0      0      0      0      0      0      0      0      0      0      0      0      0      0      0      0
285:  844    844      0      0      0      0      0      0      0      0      0      0      1      0      0      0      0      0      0
286:    0      0      0      0      0      0      0      0      0      0      0      0      0      0      0      0      0      0      0
287:    0      0      0      0      0      0      0      0      0      0      0      0      0      0      0      0      0      0      0
288:  280.6m   1.0g   0      0      0      0      0      0      0      0      0      0      0      0      0      0      0      0      0
289:    2.0g 901.8m   0      0      0      0      0      0      0      0      0      0      0      0      0      0      0      0      0
290:  129.1m   3.9g   0      0      0      0      0      0      0      2      0      0      0      0      0      0      0      0      0
291:    3.6g   2.1g   0      0      0      0      0      0      0      0      0      0      0      0      0      0      0      0      0
292:    0      0      0      0      0      0      0      0      0      0      0      0      0      0      0      0      0      0      0
293:  501.1m  88.1m   0      0      0      0      0      0      0      0      0      0      0      0      0      0      0      0      0
294:    0      0      0      0      0      0      0      0      0      0      0      0      0      0      0      0      0      0      0
295:    0      0      0      0      0      0      0      0      0      0      0      0      0      0      0      0      0      0      0
296:    3.9g   2.9g   0      0      0      0      0      0      0      2.3k   0      0      0      0      0      2.3k   0      0      0
297:    1.7g 613.8m   0      0      0      0      0      0      0      0      0      0      0      0      0      0      0      0      0
298:    1.9g   2.8g   0      0      0      0      0      0      0      0      0      0      0      0      0      0      0      0      0
299:    2.9g 613.0m   0      0      0      0      0      0      0      0      0      0      0      0      0      0      0    255      0
300:    1.1g   3.9g   0      0      0      0      0      0      0      0      0      0      0      0      0      0      0      0      0
301:    1.7g   4.2g   0      0      0      0      0      0      0      0      0      0      0      0      0      0      0      0      0
302:  289.0m 783.6m   0      0      0      0      0      0      0      0      0      0      0      0      0      0      0    255      0
303:    0      0      0      0      0      0      0      0      0      0      0      0      0      0      0      0      0      0      0
336:  480.5m   1.3g   0      0      0      0      0      0      0      0      0      0      0      0      0      0      0      0      0
337:  643.4m   3.2g   0      0      0      0      0      0      0      0      0      0      0      0      0      0      0      0      0
338:  337.1m   1.2g   0      0      0      0      0      0      0      0      0      0      0      0      0      0      0      0      0
339:    3.1g   3.2g   0      0      0      0      0      0      0      0      0      0      0      0      0      0      0      0      0
340:    2.3g   2.5g   0      0      0      0      0      0      0      3      0      0      0      0      0      0      0      0      0
341:    1.8g 251.3m   0      0      0      0      0      0      0      0      0      0      0      0      0      0      0      0      0
342:    2.9g   1.4g   0      0      0      0      0      0      0      9      0      0      0      0      0      0      0      0      0
343:    3.1g 239.3m   0      0      0      0      0      0      0      0      0      0      0      0      0      0      0      0      0
344:    1.9g   3.2g   0      0      0      0      0      0      0      0      0      0      0      0      0      0      0      0      0
345:  242.2m   1.6g   0      0      0      0      0      0      0      0      0      0      1      0      0      0      0      0      0
346:  239.6m   1.6g   0      0      0      0      0      0      0      0      0      0      1      0      0      0      0      0      0
347:  239.9m   1.6g   0      0      0      0      0      0      0      0      0      0      0      0      0      0      0      0      0
348:  239.6m   1.5g   0      0      0      0      0      0      0      0      0      0      1      0      0      0      0      0      0
349:    0      0      0      0      0      0      0      0      0      0      0      0      0      0      0      0      0      0      0
350:    0      0      0      0      0      0      0      0      0      0      0      0      0      0      0      0      0      0      0
351:    0      0      0      0      0      0      0      0      0      0      0      0      0      0      0      0      0      0      0
368:    1.6k   1.6k   0      0      0      0      0      0      0      0      0      0      0      0      0      0      0      0      0
369:    1.9g 880.2m   0      0      0      0      0      0      0      0      0      0      0      0      0      0      0      0      0
370:  296.2m   1.0g   0      0      0      0      0      0      0      3      0      0      0      0      0      0      0      0      0
371:    1.3g   3.8g   0      0      0      0      0      0      0      0      0      0      0      0      0      0      0      0      0
372:    0      0      0      0      0      0      0      0      0      0      0      0      0      0      0      0      0      0      0
373:  500.9m  88.1m   0      0      0      0      0      0      0      0      0      0      0      0      0      0      0      0      0
374:    0      0      0      0      0      0      0      0      0      0      0      0      0      0      0      0      0      0      0
375:    0      0      0      0      0      0      0      0      0      0      0      0      0      0      0      0      0      0      0
376:  393.1m 772.7m   0      0      0      0      0      0      0      0      0      0      0      0      0      0      0      0      0
377:  372.2m 517.1m   0      0      0      0      0      0      0      0      1      0      3      0      0      0      0    713      0
378:  372.1m 517.2m   0      0      0      0      0      0      0      0      0      0      1      0      0      0      0      0      0
379:    0      0      0      0      0      0      0      0      0      0      0      0      0      0      0      0      0      0      0
380:  372.0m 517.1m   0      0      0      0      0      0      0      0      0      0      1      0      0      0      0      0      0
381:  372.2m 517.1m   0      0      0      0      0      0      0      0      1      0      3      0      0      0      0      0      0
382:    0      0      0      0      0      0      0      0      0      0      0      0      0      0      0      0      0      0      0
383:    0      0      0      0      0      0      0      0      0      0      0      0      0      0      0      0      0      0      0
384:    0      0      0      0      0      0      0      0      0      0      0      0      0      0      0      0      0      0      0
385:    0      0      0      0      0      0      0      0      0      0      0      0      0      0      0      0      0      0      0
386:    0      0      0      0      0      0      0      0      0      0      0      0      0      0      0      0      0      0      0
387:    0      0      0      0      0      0      0      0      0      0      0      0      0      0      0      0      0      0      0
388:    0      0      0      0      0      0      0      0      0      0      0      0      0      0      0      0      0      0      0
389:    0      0      0      0      0      0      0      0      0      0      0      0      0      0      0      0      0      0      0
390:    0      0      0      0      0      0      0      0      0      0      0      0      0      0      0      0      0      0      0
391:    0      0      0      0      0      0      0      0      0      0      0      0      0      0      0      0      0      0      0
392:    0      0      0      0      0      0      0      0      0      0      0      0      0      0      0      0      0      0      0
393:    0      0      0      0      0      0      0      0      0      0      0      0      0      0      0      0      0      0      0
394:    0      0      0      0      0      0      0      0      0      0      0      0      0      0      0      0      0      0      0
395:    0      0      0      0      0      0      0      0      0      0      0      0      0      0      0      0      0      0      0
396:    0      0      0      0      0      0      0      0      0      0      0      0      0      0      0      0      0      0      0
397:    0      0      0      0      0      0      0      0      0      0      0      0      0      0      0      0      0      0      0
398:    0      0      0      0      0      0      0      0      0      0      0      0      0      0      0      0      0      0      0
399:    0      0      0      0      0      0      0      0      0      0      0      0      0      0      0      0      0      0      0
400:    0      0      0      0      0      0      0      0      0      0      0      0      0      0      0      0      0      0      0
401:    0      0      0      0      0      0      0      0      0      0      0      0      0      0      0      0      0      0      0
402:    0      0      0      0      0      0      0      0      0      0      0      0      0      0      0      0      0      0      0
403:    0      0      0      0      0      0      0      0      0      0      0      0      0      0      0      0      0      0      0
404:    0      0      0      0      0      0      0      0      0      0      0      0      0      0      0      0      0      0      0
405:    0      0      0      0      0      0      0      0      0      0      0      0      0      0      0      0      0      0      0
406:    0      0      0      0      0      0      0      0      0      0      0      0      0      0      0      0      0      0      0
407:    0      0      0      0      0      0      0      0      0      0      0      0      0      0      0      0      0      0      0
408:    0      0      0      0      0      0      0      0      0      0      0      0      0      0      0      0      0      0      0
409:    0      0      0      0      0      0      0      0      0      0      0      0      0      0      0      0      0      0      0
410:    0      0      0      0      0      0      0      0      0      0      0      0      0      0      0      0      0      0      0
411:    0      0      0      0      0      0      0      0      0      0      0      0      0      0      0      0      0      0      0
412:    0      0      0      0      0      0      0      0      0      0      0      0      0      0      0      0      0      0      0
413:    0      0      0      0      0      0      0      0      0      0      0      0      0      0      0      0      0      0      0
414:    0      0      0      0      0      0      0      0      0      0      0      0      0      0      0      0      0      0      0
415:    0      0      0      0      0      0      0      0      0      0      0      0      0      0      0      0      0      0      0
416:    0      0      0      0      0      0      0      0      0      0      0      0      0      0      0      0      0      0      0
417:    0      0      0      0      0      0      0      0      0      0      0      0      0      0      0      0      0      0      0
418:    0      0      0      0      0      0      0      0      0      0      0      0      0      0      0      0      0      0      0
419:    0      0      0      0      0      0      0      0      0      0      0      0      0      0      0      0      0      0      0
420:    0      0      0      0      0      0      0      0      0      0      0      0      0      0      0      0      0      0      0
421:    0      0      0      0      0      0      0      0      0      0      0      0      0      0      0      0      0      0      0
422:    0      0      0      0      0      0      0      0      0      0      0      0      0      0      0      0      0      0      0
423:    0      0      0      0      0      0      0      0      0      0      0      0      0      0      0      0      0      0      0
424:    0      0      0      0      0      0      0      0      0      0      0      0      0      0      0      0      0      0      0
425:    0      0      0      0      0      0      0      0      0      0      0      0      0      0      0      0      0      0      0
426:    0      0      0      0      0      0      0      0      0      0      0      0      0      0      0      0      0      0      0
427:    0      0      0      0      0      0      0      0      0      0      0      0      0      0      0      0      0      0      0
428:    0      0      0      0      0      0      0      0      0      0      0      0      0      0      0      0      0      0      0
429:    0      0      0      0      0      0      0      0      0      0      0      0      0      0      0      0      0      0      0
430:    0      0      0      0      0      0      0      0      0      0      0      0      0      0      0      0      0      0      0
431:    0      0      0      0      0      0      0      0      0      0      0      0      0      0      0      0      0      0      0
432:    0      0      0      0      0      0      0      0      0      0      0      0      0      0      0      0      0      0      0
433:    0      0      0      0      0      0      0      0      0      0      0      0      0      0      0      0      0      0      0
434:    0      0      0      0      0      0      0      0      0      0      0      0      0      0      0      0      0      0      0
435:    0      0      0      0      0      0      0      0      0      0      0      0      0      0      0      0      0      0      0
436:    0      0      0      0      0      0      0      0      0      0      0      0      0      0      0      0      0      0      0
437:    0      0      0      0      0      0      0      0      0      0      0      0      0      0      0      0      0      0      0
438:    0      0      0      0      0      0      0      0      0      0      0      0      0      0      0      0      0      0      0
439:    0      0      0      0      0      0      0      0      0      0      0      0      0      0      0      0      0      0      0
440:    0      0      0      0      0      0      0      0      0      0      0      0      0      0      0      0      0      0      0
441:    0      0      0      0      0      0      0      0      0      0      0      0      0      0      0      0      0      0      0
442:    0      0      0      0      0      0      0      0      0      0      0      0      0      0      0      0      0      0      0
443:    0      0      0      0      0      0      0      0      0      0      0      0      0      0      0      0      0      0      0
444:    0      0      0      0      0      0      0      0      0      0      0      0      0      0      0      0      0      0      0
445:    0      0      0      0      0      0      0      0      0      0      0      0      0      0      0      0      0      0      0
446:    0      0      0      0      0      0      0      0      0      0      0      0      0      0      0      0      0      0      0
447:    0      0      0      0      0      0      0      0      0      0      0      0      0      0      0      0      0      0      0
1152:    0      0      0      0      0      0      0      0      0      0      0      0      0      0      0      0      0      0      0
1153:    0      0      0      0      0      0      0      0      0      0      0      0      0      0      0      0      0      0      0
1154:    0      0      0      0      0      0      0      0      0      0      0      0      0      0      0      0      0      0      0
1155:    0      0      0      0      0      0      0      0      0      0      0      0      0      0      0      0      0      0      0
1156:    0      0      0      0      0      0      0      0      0      0      0      0      0      0      0      0      0      0      0
1157:    0      0      0      0      0      0      0      0      0      0      0      0      0      0      0      0      0      0      0
1158:    0      0      0      0      0      0      0      0      0      0      0      0      0      0      0      0      0      0      0
1159:    0      0      0      0      0      0      0      0      0      0      0      0      0      0      0      0      0      0      0
1160:    0      0      0      0      0      0      0      0      0      0      0      0      0      0      0      0      0      0      0
1161:    0      0      0      0      0      0      0      0      0      0      0      0      0      0      0      0      0      0      0
1162:    0      0      0      0      0      0      0      0      0      0      0      0      0      0      0      0      0      0      0
1163:    0      0      0      0      0      0      0      0      0      0      0      0      0      0      0      0      0      0      0
1164:    0      0      0      0      0      0      0      0      0      0      0      0      0      0      0      0      0      0      0
1165:    0      0      0      0      0      0      0      0      0      0      0      0      0      0      0      0      0      0      0
1166:    0      0      0      0      0      0      0      0      0      0      0      0      0      0      0      0      0      0      0
1167:    0      0      0      0      0      0      0      0      0      0      0      0      0      0      0      0      0      0      0
1168:    0      0      0      0      0      0      0      0      0      0      0      0      0      0      0      0      0      0      0
1169:    0      0      0      0      0      0      0      0      0      0      0      0      0      0      0      0      0      0      0
1170:    0      0      0      0      0      0      0      0      0      0      0      0      0      0      0      0      0      0      0
1171:    0      0      0      0      0      0      0      0      0      0      0      0      0      0      0      0      0      0      0
1172:    0      0      0      0      0      0      0      0      0      0      0      0      0      0      0      0      0      0      0
1173:    0      0      0      0      0      0      0      0      0      0      0      0      0      0      0      0      0      0      0
1174:    0      0      0      0      0      0      0      0      0      0      0      0      0      0      0      0      0      0      0
1175:    0      0      0      0      0      0      0      0      0      0      0      0      0      0      0      0      0      0      0
1176:    0      0      0      0      0      0      0      0      0      0      0      0      0      0      0      0      0      0      0
1177:    0      0      0      0      0      0      0      0      0      0      0      0      0      0      0      0      0      0      0
1178:    0      0      0      0      0      0      0      0      0      0      0      0      0      0      0      0      0      0      0
1179:    0      0      0      0      0      0      0      0      0      0      0      0      0      0      0      0      0      0      0
1180:    0      0      0      0      0      0      0      0      0      0      0      0      0      0      0      0      0      0      0
1181:    0      0      0      0      0      0      0      0      0      0      0      0      0      0      0      0      0      0      0
1182:    0      0      0      0      0      0      0      0      0      0      0      0      0      0      0      0      0      0      0
1183:    0      0      0      0      0      0      0      0      0      0      0      0      0      0      0      0      0      0      0
1184:    0      0      0      0      0      0      0      0      0      0      0      0      0      0      0      0      0      0      0
1185:    0      0      0      0      0      0      0      0      0      0      0      0      0      0      0      0      0      0      0
1186:    0      0      0      0      0      0      0      0      0      0      0      0      0      0      0      0      0      0      0
1187:    0      0      0      0      0      0      0      0      0      0      0      0      0      0      0      0      0      0      0
1188:    0      0      0      0      0      0      0      0      0      0      0      0      0      0      0      0      0      0      0
1189:    0      0      0      0      0      0      0      0      0      0      0      0      0      0      0      0      0      0      0
1190:    0      0      0      0      0      0      0      0      0      0      0      0      0      0      0      0      0      0      0
1191:    0      0      0      0      0      0      0      0      0      0      0      0      0      0      0      0      0      0      0
1192:    0      0      0      0      0      0      0      0      0      0      0      0      0      0      0      0      0      0      0
1193:    0      0      0      0      0      0      0      0      0      0      0      0      0      0      0      0      0      0      0
1194:    0      0      0      0      0      0      0      0      0      0      0      0      0      0      0      0      0      0      0
1195:    0      0      0      0      0      0      0      0      0      0      0      0      0      0      0      0      0      0      0
1196:    0      0      0      0      0      0      0      0      0      0      0      0      0      0      0      0      0      0      0
1197:    0      0      0      0      0      0      0      0      0      0      0      0      0      0      0      0      0      0      0
1198:    0      0      0      0      0      0      0      0      0      0      0      0      0      0      0      0      0      0      0
1199:    0      0      0      0      0      0      0      0      0      0      0      0      0      0      0      0      0      0      0
1200:    0      0      0      0      0      0      0      0      0      0      0      0      0      0      0      0      0      0      0
1201:    0      0      0      0      0      0      0      0      0      0      0      0      0      0      0      0      0      0      0
1202:    0      0      0      0      0      0      0      0      0      0      0      0      0      0      0      0      0      0      0
1203:    0      0      0      0      0      0      0      0      0      0      0      0      0      0      0      0      0      0      0
1204:    0      0      0      0      0      0      0      0      0      0      0      0      0      0      0      0      0      0      0
1205:    0      0      0      0      0      0      0      0      0      0      0      0      0      0      0      0      0      0      0
1206:    0      0      0      0      0      0      0      0      0      0      0      0      0      0      0      0      0      0      0
1207:    0      0      0      0      0      0      0      0      0      0      0      0      0      0      0      0      0      0      0
1208:    0      0      0      0      0      0      0      0      0      0      0      0      0      0      0      0      0      0      0
1209:    0      0      0      0      0      0      0      0      0      0      0      0      0      0      0      0      0      0      0
1210:    0      0      0      0      0      0      0      0      0      0      0      0      0      0      0      0      0      0      0
1211:    0      0      0      0      0      0      0      0      0      0      0      0      0      0      0      0      0      0      0
1212:    0      0      0      0      0      0      0      0      0      0      0      0      0      0      0      0      0      0      0
1213:    0      0      0      0      0      0      0      0      0      0      0      0      0      0      0      0      0      0      0
1214:    0      0      0      0      0      0      0      0      0      0      0      0      0      0      0      0      0      0      0
1215:    0      0      0      0      0      0      0      0      0      0      0      0      0      0      0      0      0      0      0
