          frames      enc    crc    crc    too    too    bad    enc   disc   link   loss   loss   frjt   fbsy
       tx     rx      in    err    g_eof  shrt   long   eof     out   c3    fail    sync   sig
     =========================================================================================================
  0:  818.8m   1.1g   0      0      0      0      0      0    329      0      0      7      8      0      0
  1:  246.9m 340.2m   0      0      0      0      0      0     53      3      0      1      2      0      0
  2:    0      0      0      0      0      0      0      0      0      0      0      0      2      0      0
  3:    0      0      0      0      0      0      0      0      0      0      0      0      2      0      0
  4:  706.2m 528.5m   0      0      0      0      0      0    286      9      0      3      4      0      0
  5:  954.1m 676.6m   0      0      0      0      0      0    588     11      0      3      4      0      0
  6:  613.1k   1.2m   0      0      0      0      0      0     13      6      0      1      2      0      0
  7:  729.4k   1.4m   0      0      0      0      0      0      0      6      0      1      2      0      0
  8:    0      0      0      0      0      0      0      0      0      0      0      0      2      0      0
  9:    0      0      0      0      0      0      0      0      0      0      0      0      2      0      0
 10:    0      0      0      0      0      0      0      0      0      0      0      0      2      0      0
 11:    0      0      0      0      0      0      0      0      0      0      0      0      2      0      0
 12:    0      0      0      0      0      0      0      0      0      0      0      0      2      0      0
 13:    0      0      0      0      0      0      0      0      0      0      0      0      2      0      0
 14:    0      0      0      0      0      0      0      0      0      0      0      0      2      0      0
 15:    0      0      0      0      0      0      0      0      0      0      0      0      2      0      0
 16:    0      0      0      0      0      0      0      0      0      0      0      0      0      0      0
 17:    0      0      0      0      0      0      0      0      0      0      0      0      0      0      0
 18:    0      0      0      0      0      0      0      0      0      0      0      0      0      0      0
 19:    0      0      0      0      0      0      0      0      0      0      0      0      0      0      0
 20:    0      0      0      0      0      0      0      0      0      0      0      0      0      0      0
 21:    0      0      0      0      0      0      0      0      0      0      0      0      0      0      0
 22:    0      0      0      0      0      0      0      0      0      0      0      0      0      0      0
 23:    0      0      0      0      0      0      0      0      0      0      0      0      0      0      0